0.0000000000000000e+00
0.0000000000000000e+00
0.0000000000000000e+00
0.0000000000000000e+00
0.0000000000000000e+00
0.0000000000000000e+00
5.9604644775390625e-08
5.9604644775390625e-08
1.1920928955078125e-07
1.1920928955078125e-07
1.1920928955078125e-07
1.1920928955078125e-07
2.3841857910156250e-07
2.3841857910156250e-07
2.3841857910156250e-07
2.3841857910156250e-07
2.3841857910156250e-07
3.5762786865234375e-07
3.5762786865234375e-07
2.3841857910156250e-07
2.3841857910156250e-07
0.0000000000000000e+00
0.0000000000000000e+00
2.3841857910156250e-07
2.3841857910156250e-07
2.3841857910156250e-07
4.7683715820312500e-07
4.7683715820312500e-07
7.1525573730468750e-07
7.1525573730468750e-07
7.1525573730468750e-07
9.5367431640625000e-07
9.5367431640625000e-07
1.1920928955078125e-06
1.1920928955078125e-06
1.1920928955078125e-06
1.4305114746093750e-06
1.4305114746093750e-06
1.6689300537109375e-06
1.6689300537109375e-06
1.4305114746093750e-06
1.4305114746093750e-06
1.9073486328125000e-06
1.9073486328125000e-06
1.9073486328125000e-06
1.9073486328125000e-06
1.9073486328125000e-06
2.3841857910156250e-06
2.3841857910156250e-06
2.3841857910156250e-06
2.3841857910156250e-06
2.3841857910156250e-06
2.8610229492187500e-06
2.8610229492187500e-06
2.8610229492187500e-06
2.8610229492187500e-06
2.8610229492187500e-06
3.3378601074218750e-06
3.3378601074218750e-06
3.3378601074218750e-06
3.3378601074218750e-06
3.3378601074218750e-06
3.8146972656250000e-06
3.8146972656250000e-06
3.8146972656250000e-06
3.8146972656250000e-06
3.8146972656250000e-06
4.2915344238281250e-06
4.2915344238281250e-06
4.2915344238281250e-06
4.2915344238281250e-06
4.2915344238281250e-06
4.7683715820312500e-06
4.7683715820312500e-06
4.7683715820312500e-06
4.7683715820312500e-06
4.7683715820312500e-06
5.2452087402343750e-06
5.2452087402343750e-06
5.2452087402343750e-06
5.7220458984375000e-06
4.7683715820312500e-06
4.7683715820312500e-06
3.8146972656250000e-06
3.8146972656250000e-06
3.8146972656250000e-06
2.8610229492187500e-06
2.8610229492187500e-06
1.9073486328125000e-06
1.9073486328125000e-06
1.9073486328125000e-06
9.5367431640625000e-07
9.5367431640625000e-07
0.0000000000000000e+00
0.0000000000000000e+00
0.0000000000000000e+00
9.5367431640625000e-07
9.5367431640625000e-07
1.9073486328125000e-06
1.9073486328125000e-06
1.9073486328125000e-06
2.8610229492187500e-06
2.8610229492187500e-06
3.8146972656250000e-06
3.8146972656250000e-06
3.8146972656250000e-06
4.7683715820312500e-06
4.7683715820312500e-06
5.7220458984375000e-06
5.7220458984375000e-06
5.7220458984375000e-06
6.6757202148437500e-06
6.6757202148437500e-06
7.6293945312500000e-06
7.6293945312500000e-06
7.6293945312500000e-06
8.5830688476562500e-06
8.5830688476562500e-06
9.5367431640625000e-06
9.5367431640625000e-06
9.5367431640625000e-06
1.0490417480468750e-05
1.0490417480468750e-05
1.1444091796875000e-05
1.1444091796875000e-05
1.1444091796875000e-05
1.2397766113281250e-05
1.2397766113281250e-05
1.3351440429687500e-05
1.3351440429687500e-05
1.3351440429687500e-05
1.4305114746093750e-05
1.4305114746093750e-05
1.5258789062500000e-05
1.5258789062500000e-05
1.5258789062500000e-05
1.6212463378906250e-05
1.6212463378906250e-05
1.7166137695312500e-05
1.7166137695312500e-05
1.7166137695312500e-05
1.8119812011718750e-05
1.8119812011718750e-05
1.9073486328125000e-05
1.9073486328125000e-05
1.9073486328125000e-05
2.0027160644531250e-05
2.0027160644531250e-05
2.0980834960937500e-05
2.0980834960937500e-05
2.0980834960937500e-05
2.1934509277343750e-05
2.1934509277343750e-05
2.2888183593750000e-05
2.2888183593750000e-05
2.2888183593750000e-05
2.3841857910156250e-05
2.3841857910156250e-05
2.4795532226562500e-05
2.4795532226562500e-05
2.4795532226562500e-05
2.4795532226562500e-05
2.6702880859375000e-05
2.6702880859375000e-05
2.6702880859375000e-05
2.6702880859375000e-05
2.6702880859375000e-05
2.8610229492187500e-05
2.8610229492187500e-05
2.8610229492187500e-05
2.8610229492187500e-05
2.8610229492187500e-05
3.0517578125000000e-05
3.0517578125000000e-05
3.0517578125000000e-05
3.0517578125000000e-05
3.0517578125000000e-05
3.2424926757812500e-05
3.2424926757812500e-05
3.2424926757812500e-05
3.2424926757812500e-05
3.2424926757812500e-05
3.4332275390625000e-05
3.4332275390625000e-05
3.4332275390625000e-05
3.4332275390625000e-05
3.4332275390625000e-05
3.6239624023437500e-05
3.6239624023437500e-05
3.6239624023437500e-05
3.6239624023437500e-05
3.6239624023437500e-05
3.8146972656250000e-05
3.8146972656250000e-05
3.8146972656250000e-05
3.8146972656250000e-05
3.8146972656250000e-05
4.0054321289062500e-05
4.0054321289062500e-05
4.0054321289062500e-05
4.0054321289062500e-05
4.0054321289062500e-05
4.1961669921875000e-05
4.1961669921875000e-05
4.1961669921875000e-05
4.1961669921875000e-05
4.1961669921875000e-05
4.3869018554687500e-05
4.3869018554687500e-05
4.3869018554687500e-05
4.3869018554687500e-05
4.3869018554687500e-05
4.5776367187500000e-05
4.5776367187500000e-05
4.5776367187500000e-05
4.5776367187500000e-05
4.5776367187500000e-05
4.7683715820312500e-05
4.7683715820312500e-05
4.7683715820312500e-05
4.7683715820312500e-05
4.7683715820312500e-05
4.9591064453125000e-05
4.9591064453125000e-05
4.9591064453125000e-05
4.9591064453125000e-05
4.9591064453125000e-05
5.1498413085937500e-05
5.1498413085937500e-05
5.1498413085937500e-05
5.1498413085937500e-05
5.1498413085937500e-05
5.3405761718750000e-05
5.3405761718750000e-05
5.3405761718750000e-05
5.3405761718750000e-05
5.3405761718750000e-05
5.5313110351562500e-05
5.5313110351562500e-05
5.5313110351562500e-05
5.5313110351562500e-05
5.5313110351562500e-05
5.7220458984375000e-05
5.7220458984375000e-05
5.7220458984375000e-05
5.7220458984375000e-05
5.7220458984375000e-05
5.9127807617187500e-05
5.9127807617187500e-05
5.9127807617187500e-05
5.9127807617187500e-05
5.9127807617187500e-05
6.1035156250000000e-05
6.1035156250000000e-05
6.1035156250000000e-05
6.1035156250000000e-05
6.1035156250000000e-05
6.2942504882812500e-05
6.2942504882812500e-05
6.2942504882812500e-05
6.2942504882812500e-05
6.2942504882812500e-05
6.4849853515625000e-05
6.4849853515625000e-05
6.4849853515625000e-05
6.4849853515625000e-05
6.4849853515625000e-05
6.6757202148437500e-05
6.6757202148437500e-05
6.6757202148437500e-05
6.6757202148437500e-05
6.6757202148437500e-05
6.8664550781250000e-05
6.8664550781250000e-05
6.8664550781250000e-05
6.8664550781250000e-05
6.8664550781250000e-05
7.0571899414062500e-05
7.0571899414062500e-05
7.0571899414062500e-05
7.0571899414062500e-05
7.0571899414062500e-05
7.2479248046875000e-05
7.2479248046875000e-05
7.2479248046875000e-05
7.2479248046875000e-05
7.2479248046875000e-05
7.4386596679687500e-05
7.4386596679687500e-05
7.4386596679687500e-05
7.4386596679687500e-05
7.4386596679687500e-05
7.6293945312500000e-05
7.6293945312500000e-05
7.6293945312500000e-05
7.6293945312500000e-05
7.6293945312500000e-05
7.8201293945312500e-05
7.8201293945312500e-05
7.8201293945312500e-05
7.8201293945312500e-05
7.8201293945312500e-05
8.0108642578125000e-05
8.0108642578125000e-05
8.0108642578125000e-05
8.0108642578125000e-05
8.0108642578125000e-05
8.2015991210937500e-05
8.2015991210937500e-05
8.2015991210937500e-05
8.2015991210937500e-05
8.2015991210937500e-05
8.3923339843750000e-05
8.3923339843750000e-05
8.3923339843750000e-05
8.3923339843750000e-05
8.3923339843750000e-05
8.5830688476562500e-05
8.5830688476562500e-05
8.3923339843750000e-05
8.3923339843750000e-05
8.0108642578125000e-05
8.0108642578125000e-05
7.6293945312500000e-05
7.6293945312500000e-05
7.6293945312500000e-05
7.2479248046875000e-05
7.2479248046875000e-05
6.8664550781250000e-05
6.8664550781250000e-05
6.8664550781250000e-05
6.4849853515625000e-05
6.4849853515625000e-05
6.1035156250000000e-05
6.1035156250000000e-05
6.1035156250000000e-05
5.7220458984375000e-05
5.7220458984375000e-05
5.3405761718750000e-05
5.3405761718750000e-05
5.3405761718750000e-05
4.9591064453125000e-05
4.9591064453125000e-05
4.5776367187500000e-05
4.5776367187500000e-05
4.5776367187500000e-05
4.1961669921875000e-05
4.1961669921875000e-05
3.8146972656250000e-05
3.8146972656250000e-05
3.8146972656250000e-05
3.4332275390625000e-05
3.4332275390625000e-05
3.0517578125000000e-05
3.0517578125000000e-05
3.0517578125000000e-05
2.6702880859375000e-05
2.6702880859375000e-05
2.2888183593750000e-05
2.2888183593750000e-05
2.2888183593750000e-05
1.9073486328125000e-05
1.9073486328125000e-05
1.5258789062500000e-05
1.5258789062500000e-05
1.5258789062500000e-05
1.1444091796875000e-05
1.1444091796875000e-05
7.6293945312500000e-06
7.6293945312500000e-06
7.6293945312500000e-06
3.8146972656250000e-06
3.8146972656250000e-06
0.0000000000000000e+00
0.0000000000000000e+00
0.0000000000000000e+00
3.8146972656250000e-06
3.8146972656250000e-06
7.6293945312500000e-06
7.6293945312500000e-06
7.6293945312500000e-06
1.1444091796875000e-05
1.1444091796875000e-05
1.5258789062500000e-05
1.5258789062500000e-05
1.5258789062500000e-05
1.9073486328125000e-05
1.9073486328125000e-05
2.2888183593750000e-05
2.2888183593750000e-05
2.2888183593750000e-05
2.6702880859375000e-05
2.6702880859375000e-05
3.0517578125000000e-05
3.0517578125000000e-05
3.0517578125000000e-05
3.4332275390625000e-05
3.4332275390625000e-05
3.8146972656250000e-05
3.8146972656250000e-05
3.8146972656250000e-05
4.1961669921875000e-05
4.1961669921875000e-05
4.5776367187500000e-05
4.5776367187500000e-05
4.5776367187500000e-05
4.9591064453125000e-05
4.9591064453125000e-05
5.3405761718750000e-05
5.3405761718750000e-05
5.3405761718750000e-05
5.7220458984375000e-05
5.7220458984375000e-05
6.1035156250000000e-05
6.1035156250000000e-05
6.1035156250000000e-05
6.4849853515625000e-05
6.4849853515625000e-05
6.8664550781250000e-05
6.8664550781250000e-05
6.8664550781250000e-05
7.2479248046875000e-05
7.2479248046875000e-05
7.6293945312500000e-05
7.6293945312500000e-05
7.6293945312500000e-05
8.0108642578125000e-05
8.0108642578125000e-05
8.3923339843750000e-05
8.3923339843750000e-05
8.3923339843750000e-05
8.7738037109375000e-05
8.7738037109375000e-05
9.1552734375000000e-05
9.1552734375000000e-05
9.1552734375000000e-05
9.5367431640625000e-05
9.5367431640625000e-05
9.9182128906250000e-05
9.9182128906250000e-05
9.9182128906250000e-05
1.0299682617187500e-04
1.0299682617187500e-04
1.0681152343750000e-04
1.0681152343750000e-04
1.0681152343750000e-04
1.1062622070312500e-04
1.1062622070312500e-04
1.1444091796875000e-04
1.1444091796875000e-04
1.1444091796875000e-04
1.1825561523437500e-04
1.1825561523437500e-04
1.2207031250000000e-04
1.2207031250000000e-04
1.2207031250000000e-04
1.2588500976562500e-04
1.2588500976562500e-04
1.2969970703125000e-04
1.2969970703125000e-04
1.2969970703125000e-04
1.3351440429687500e-04
1.3351440429687500e-04
1.3732910156250000e-04
1.3732910156250000e-04
1.3732910156250000e-04
1.4114379882812500e-04
1.4114379882812500e-04
1.4495849609375000e-04
1.4495849609375000e-04
1.4495849609375000e-04
1.4877319335937500e-04
1.4877319335937500e-04
1.5258789062500000e-04
1.5258789062500000e-04
1.5258789062500000e-04
1.5640258789062500e-04
1.5640258789062500e-04
1.6021728515625000e-04
1.6021728515625000e-04
1.6021728515625000e-04
1.6403198242187500e-04
1.6403198242187500e-04
1.6784667968750000e-04
1.6784667968750000e-04
1.6784667968750000e-04
1.7166137695312500e-04
1.7166137695312500e-04
1.7547607421875000e-04
1.7547607421875000e-04
1.7547607421875000e-04
1.7929077148437500e-04
1.7929077148437500e-04
1.8310546875000000e-04
1.8310546875000000e-04
1.8310546875000000e-04
1.8692016601562500e-04
1.8692016601562500e-04
1.9073486328125000e-04
1.9073486328125000e-04
1.9073486328125000e-04
1.9454956054687500e-04
1.9454956054687500e-04
1.9836425781250000e-04
1.9836425781250000e-04
1.9836425781250000e-04
2.0217895507812500e-04
2.0217895507812500e-04
2.0599365234375000e-04
2.0599365234375000e-04
2.0599365234375000e-04
2.0980834960937500e-04
2.0980834960937500e-04
2.1362304687500000e-04
2.1362304687500000e-04
2.1362304687500000e-04
2.1743774414062500e-04
2.1743774414062500e-04
2.2125244140625000e-04
2.2125244140625000e-04
2.2125244140625000e-04
2.2506713867187500e-04
2.2506713867187500e-04
2.2888183593750000e-04
2.2888183593750000e-04
2.2888183593750000e-04
2.3269653320312500e-04
2.3269653320312500e-04
2.3651123046875000e-04
2.3651123046875000e-04
2.3651123046875000e-04
2.4032592773437500e-04
2.4032592773437500e-04
2.4414062500000000e-04
2.4414062500000000e-04
2.4414062500000000e-04
2.4795532226562500e-04
2.4795532226562500e-04
2.5177001953125000e-04
2.5177001953125000e-04
2.5177001953125000e-04
2.5558471679687500e-04
2.5558471679687500e-04
2.5939941406250000e-04
2.5939941406250000e-04
2.5939941406250000e-04
2.6321411132812500e-04
2.6321411132812500e-04
2.6702880859375000e-04
2.6702880859375000e-04
2.6702880859375000e-04
2.7084350585937500e-04
2.7084350585937500e-04
2.7465820312500000e-04
2.7465820312500000e-04
2.7465820312500000e-04
2.7847290039062500e-04
2.7847290039062500e-04
2.8228759765625000e-04
2.8228759765625000e-04
2.8228759765625000e-04
2.8610229492187500e-04
2.8610229492187500e-04
2.8991699218750000e-04
2.8991699218750000e-04
2.8991699218750000e-04
2.9373168945312500e-04
2.9373168945312500e-04
2.9754638671875000e-04
2.9754638671875000e-04
2.9754638671875000e-04
3.0136108398437500e-04
3.0136108398437500e-04
3.0517578125000000e-04
3.0517578125000000e-04
3.0517578125000000e-04
3.0899047851562500e-04
3.0899047851562500e-04
3.1280517578125000e-04
3.1280517578125000e-04
3.1280517578125000e-04
3.1661987304687500e-04
3.1661987304687500e-04
3.2043457031250000e-04
3.2043457031250000e-04
3.2043457031250000e-04
3.2424926757812500e-04
3.2424926757812500e-04
3.2806396484375000e-04
3.2806396484375000e-04
3.2806396484375000e-04
3.3187866210937500e-04
3.3187866210937500e-04
3.3569335937500000e-04
3.3569335937500000e-04
3.3569335937500000e-04
3.3950805664062500e-04
3.3950805664062500e-04
3.4332275390625000e-04
3.4332275390625000e-04
3.4332275390625000e-04
3.4713745117187500e-04
3.4713745117187500e-04
3.5095214843750000e-04
3.5095214843750000e-04
3.5095214843750000e-04
3.5476684570312500e-04
3.5476684570312500e-04
3.5858154296875000e-04
3.5858154296875000e-04
3.5858154296875000e-04
3.6239624023437500e-04
3.6239624023437500e-04
3.6621093750000000e-04
3.6621093750000000e-04
3.6621093750000000e-04
3.7002563476562500e-04
3.7002563476562500e-04
3.7384033203125000e-04
3.7384033203125000e-04
3.7384033203125000e-04
3.7765502929687500e-04
3.7765502929687500e-04
3.8146972656250000e-04
3.8146972656250000e-04
3.8146972656250000e-04
3.8528442382812500e-04
3.8528442382812500e-04
3.8909912109375000e-04
3.8909912109375000e-04
3.8909912109375000e-04
3.9291381835937500e-04
3.9291381835937500e-04
3.9672851562500000e-04
3.9672851562500000e-04
3.9672851562500000e-04
4.0054321289062500e-04
4.0054321289062500e-04
4.0435791015625000e-04
4.0435791015625000e-04
4.0435791015625000e-04
4.0435791015625000e-04
4.1198730468750000e-04
4.1198730468750000e-04
4.1198730468750000e-04
4.1198730468750000e-04
4.1198730468750000e-04
4.1961669921875000e-04
4.1961669921875000e-04
4.1961669921875000e-04
4.1961669921875000e-04
4.1961669921875000e-04
4.2724609375000000e-04
4.2724609375000000e-04
4.2724609375000000e-04
4.2724609375000000e-04
4.2724609375000000e-04
4.3487548828125000e-04
4.3487548828125000e-04
4.3487548828125000e-04
4.3487548828125000e-04
4.3487548828125000e-04
4.4250488281250000e-04
4.4250488281250000e-04
4.4250488281250000e-04
4.4250488281250000e-04
4.4250488281250000e-04
4.5013427734375000e-04
4.5013427734375000e-04
4.5013427734375000e-04
4.5013427734375000e-04
4.5013427734375000e-04
4.5776367187500000e-04
4.5776367187500000e-04
4.5776367187500000e-04
4.5776367187500000e-04
4.5776367187500000e-04
4.6539306640625000e-04
4.6539306640625000e-04
4.6539306640625000e-04
4.6539306640625000e-04
4.6539306640625000e-04
4.7302246093750000e-04
4.7302246093750000e-04
4.7302246093750000e-04
4.7302246093750000e-04
4.7302246093750000e-04
4.8065185546875000e-04
4.8065185546875000e-04
4.8065185546875000e-04
4.8065185546875000e-04
4.8065185546875000e-04
4.8828125000000000e-04
4.8828125000000000e-04
4.8828125000000000e-04
4.8828125000000000e-04
4.8828125000000000e-04
4.9591064453125000e-04
4.9591064453125000e-04
4.9591064453125000e-04
4.9591064453125000e-04
4.9591064453125000e-04
5.0354003906250000e-04
5.0354003906250000e-04
5.0354003906250000e-04
5.0354003906250000e-04
5.0354003906250000e-04
5.1116943359375000e-04
5.1116943359375000e-04
5.1116943359375000e-04
5.1116943359375000e-04
5.1116943359375000e-04
5.1879882812500000e-04
5.1879882812500000e-04
5.1879882812500000e-04
5.1879882812500000e-04
5.1879882812500000e-04
5.2642822265625000e-04
5.2642822265625000e-04
5.2642822265625000e-04
5.2642822265625000e-04
5.2642822265625000e-04
5.3405761718750000e-04
5.3405761718750000e-04
5.3405761718750000e-04
5.3405761718750000e-04
5.3405761718750000e-04
5.4168701171875000e-04
5.4168701171875000e-04
5.4168701171875000e-04
5.4168701171875000e-04
5.4168701171875000e-04
5.4931640625000000e-04
5.4931640625000000e-04
5.4931640625000000e-04
5.4931640625000000e-04
5.4931640625000000e-04
5.5694580078125000e-04
5.5694580078125000e-04
5.5694580078125000e-04
5.5694580078125000e-04
5.5694580078125000e-04
5.6457519531250000e-04
5.6457519531250000e-04
5.6457519531250000e-04
5.6457519531250000e-04
5.6457519531250000e-04
5.7220458984375000e-04
5.7220458984375000e-04
5.7220458984375000e-04
5.7220458984375000e-04
5.7220458984375000e-04
5.7983398437500000e-04
5.7983398437500000e-04
5.7983398437500000e-04
5.7983398437500000e-04
5.7983398437500000e-04
5.8746337890625000e-04
5.8746337890625000e-04
5.8746337890625000e-04
5.8746337890625000e-04
5.8746337890625000e-04
5.9509277343750000e-04
5.9509277343750000e-04
5.9509277343750000e-04
5.9509277343750000e-04
5.9509277343750000e-04
6.0272216796875000e-04
6.0272216796875000e-04
6.0272216796875000e-04
6.0272216796875000e-04
6.0272216796875000e-04
6.1035156250000000e-04
6.1035156250000000e-04
6.1035156250000000e-04
6.1035156250000000e-04
6.1035156250000000e-04
6.1798095703125000e-04
6.1798095703125000e-04
6.1798095703125000e-04
6.1798095703125000e-04
6.1798095703125000e-04
6.2561035156250000e-04
6.2561035156250000e-04
6.2561035156250000e-04
6.2561035156250000e-04
6.2561035156250000e-04
6.3323974609375000e-04
6.3323974609375000e-04
6.3323974609375000e-04
6.3323974609375000e-04
6.3323974609375000e-04
6.4086914062500000e-04
6.4086914062500000e-04
6.4086914062500000e-04
6.4086914062500000e-04
6.4086914062500000e-04
6.4849853515625000e-04
6.4849853515625000e-04
6.4849853515625000e-04
6.4849853515625000e-04
6.4849853515625000e-04
6.5612792968750000e-04
6.5612792968750000e-04
6.5612792968750000e-04
6.5612792968750000e-04
6.5612792968750000e-04
6.6375732421875000e-04
6.6375732421875000e-04
6.6375732421875000e-04
6.6375732421875000e-04
6.6375732421875000e-04
6.7138671875000000e-04
6.7138671875000000e-04
6.7138671875000000e-04
6.7138671875000000e-04
6.7138671875000000e-04
6.7901611328125000e-04
6.7901611328125000e-04
6.7901611328125000e-04
6.7901611328125000e-04
6.7901611328125000e-04
6.8664550781250000e-04
6.8664550781250000e-04
6.8664550781250000e-04
6.8664550781250000e-04
6.8664550781250000e-04
6.9427490234375000e-04
6.9427490234375000e-04
6.9427490234375000e-04
6.9427490234375000e-04
6.9427490234375000e-04
7.0190429687500000e-04
7.0190429687500000e-04
7.0190429687500000e-04
7.0190429687500000e-04
7.0190429687500000e-04
7.0953369140625000e-04
7.0953369140625000e-04
7.0953369140625000e-04
7.0953369140625000e-04
7.0953369140625000e-04
7.1716308593750000e-04
7.1716308593750000e-04
7.1716308593750000e-04
7.1716308593750000e-04
7.1716308593750000e-04
7.2479248046875000e-04
7.2479248046875000e-04
7.2479248046875000e-04
7.2479248046875000e-04
7.2479248046875000e-04
7.3242187500000000e-04
7.3242187500000000e-04
7.3242187500000000e-04
7.3242187500000000e-04
7.3242187500000000e-04
7.4005126953125000e-04
7.4005126953125000e-04
7.4005126953125000e-04
7.4005126953125000e-04
7.4005126953125000e-04
7.4768066406250000e-04
7.4768066406250000e-04
7.4768066406250000e-04
7.4768066406250000e-04
7.4768066406250000e-04
7.5531005859375000e-04
7.5531005859375000e-04
7.5531005859375000e-04
7.5531005859375000e-04
7.5531005859375000e-04
7.6293945312500000e-04
7.6293945312500000e-04
7.6293945312500000e-04
7.6293945312500000e-04
7.6293945312500000e-04
7.7056884765625000e-04
7.7056884765625000e-04
7.7056884765625000e-04
7.7056884765625000e-04
7.7056884765625000e-04
7.7819824218750000e-04
7.7819824218750000e-04
7.7819824218750000e-04
7.7819824218750000e-04
7.7819824218750000e-04
7.8582763671875000e-04
7.8582763671875000e-04
7.8582763671875000e-04
7.8582763671875000e-04
7.8582763671875000e-04
7.9345703125000000e-04
7.9345703125000000e-04
7.9345703125000000e-04
7.9345703125000000e-04
7.9345703125000000e-04
8.0108642578125000e-04
8.0108642578125000e-04
8.0108642578125000e-04
8.0108642578125000e-04
8.0108642578125000e-04
8.0871582031250000e-04
8.0871582031250000e-04
8.0871582031250000e-04
8.0871582031250000e-04
8.0871582031250000e-04
8.1634521484375000e-04
8.1634521484375000e-04
8.1634521484375000e-04
8.1634521484375000e-04
8.1634521484375000e-04
8.2397460937500000e-04
8.2397460937500000e-04
8.2397460937500000e-04
8.2397460937500000e-04
8.2397460937500000e-04
8.3160400390625000e-04
8.3160400390625000e-04
8.3160400390625000e-04
8.3160400390625000e-04
8.3160400390625000e-04
8.3923339843750000e-04
8.3923339843750000e-04
8.3923339843750000e-04
8.3923339843750000e-04
8.3923339843750000e-04
8.4686279296875000e-04
8.4686279296875000e-04
8.4686279296875000e-04
8.4686279296875000e-04
8.4686279296875000e-04
8.5449218750000000e-04
8.5449218750000000e-04
8.5449218750000000e-04
8.5449218750000000e-04
8.5449218750000000e-04
8.6212158203125000e-04
8.6212158203125000e-04
8.6212158203125000e-04
8.6212158203125000e-04
8.6212158203125000e-04
8.6975097656250000e-04
8.6975097656250000e-04
8.6975097656250000e-04
8.6975097656250000e-04
8.6975097656250000e-04
8.7738037109375000e-04
8.7738037109375000e-04
8.7738037109375000e-04
8.7738037109375000e-04
8.7738037109375000e-04
8.8500976562500000e-04
8.8500976562500000e-04
8.8500976562500000e-04
8.8500976562500000e-04
8.8500976562500000e-04
8.9263916015625000e-04
8.9263916015625000e-04
8.9263916015625000e-04
8.9263916015625000e-04
8.9263916015625000e-04
9.0026855468750000e-04
9.0026855468750000e-04
9.0026855468750000e-04
9.0026855468750000e-04
9.0026855468750000e-04
9.0789794921875000e-04
9.0789794921875000e-04
9.0789794921875000e-04
9.0789794921875000e-04
9.0789794921875000e-04
9.1552734375000000e-04
9.1552734375000000e-04
9.1552734375000000e-04
9.1552734375000000e-04
9.1552734375000000e-04
9.2315673828125000e-04
9.2315673828125000e-04
9.2315673828125000e-04
9.2315673828125000e-04
9.2315673828125000e-04
9.3078613281250000e-04
9.3078613281250000e-04
9.3078613281250000e-04
9.3078613281250000e-04
9.3078613281250000e-04
9.3841552734375000e-04
9.3841552734375000e-04
9.3841552734375000e-04
9.3841552734375000e-04
9.3841552734375000e-04
9.4604492187500000e-04
9.4604492187500000e-04
9.4604492187500000e-04
9.4604492187500000e-04
9.4604492187500000e-04
9.5367431640625000e-04
9.5367431640625000e-04
9.5367431640625000e-04
